service_id,date,exception_type
10127,20151114,1
10127,20151121,1
10127,20151128,1
10127,20151205,1
10127,20151212,1
10127,20151219,1
10127,20151226,1
10127,20151228,1
10127,20151229,1
10127,20151230,1
10127,20151231,1
10127,20160102,1
11127,20151114,1
11127,20151121,1
11127,20151128,1
11127,20151205,1
11127,20151226,1
11127,20151228,1
11127,20151229,1
11127,20151230,1
11127,20151231,1
11127,20160102,1
11127-36127,20151114,1
11127-36127,20151121,1
11127-36127,20151128,1
11127-36127,20151205,1
11127-36127,20151212,1
11127-36127,20151226,1
11127-36127,20151228,1
11127-36127,20151229,1
11127-36127,20151230,1
11127-36127,20151231,1
11127-36127,20160102,1
1127,20151112,1
1127,20151113,1
1127,20151116,1
1127,20151117,1
1127,20151118,1
1127,20151119,1
1127,20151120,1
1127,20151123,1
1127,20151124,1
1127,20151125,1
1127,20151126,1
1127,20151127,1
1127,20151130,1
1127,20151201,1
1127,20151202,1
1127,20151203,1
1127,20151204,1
1127,20151207,1
1127,20151208,1
1127,20151209,1
1127,20151210,1
1127,20151211,1
1127,20151214,1
1127,20151215,1
1127,20151216,1
1127,20151217,1
1127,20151218,1
12127,20151114,1
12127,20151121,1
12127,20151128,1
12127,20151205,1
12127,20160102,1
13127,20151114,1
13127,20151121,1
13127,20151128,1
13127,20151205,1
13127,20160102,1
13127-38127,20151114,1
13127-38127,20151121,1
13127-38127,20151128,1
13127-38127,20151205,1
13127-38127,20151212,1
13127-38127,20151226,1
13127-38127,20151228,1
13127-38127,20151229,1
13127-38127,20151230,1
13127-38127,20151231,1
13127-38127,20160102,1
13127-38127-45127,20151114,1
13127-38127-45127,20151121,1
13127-38127-45127,20151128,1
13127-38127-45127,20151205,1
13127-38127-45127,20151212,1
13127-38127-45127,20151219,1
13127-38127-45127,20151226,1
13127-38127-45127,20151228,1
13127-38127-45127,20151229,1
13127-38127-45127,20151230,1
13127-38127-45127,20151231,1
13127-38127-45127,20160102,1
14127,20151115,1
14127,20151122,1
14127,20151129,1
14127,20151206,1
14127,20160103,1
14127-39127,20151115,1
14127-39127,20151122,1
14127-39127,20151129,1
14127-39127,20151206,1
14127-39127,20151213,1
14127-39127,20160103,1
14127-39127-46127-55127,20151115,1
14127-39127-46127-55127,20151122,1
14127-39127-46127-55127,20151129,1
14127-39127-46127-55127,20151206,1
14127-39127-46127-55127,20151213,1
14127-39127-46127-55127,20151220,1
14127-39127-46127-55127,20151225,1
14127-39127-46127-55127,20151227,1
14127-39127-46127-55127,20160101,1
14127-39127-46127-55127,20160103,1
14127-55127,20151115,1
14127-55127,20151122,1
14127-55127,20151129,1
14127-55127,20151206,1
14127-55127,20151225,1
14127-55127,20151227,1
14127-55127,20160101,1
14127-55127,20160103,1
15127,20151115,1
15127,20151122,1
15127,20151129,1
15127,20151206,1
15127,20151213,1
15127,20151220,1
15127,20151227,1
15127,20160103,1
16127,20151115,1
16127,20151122,1
16127,20151129,1
16127,20151206,1
16127,20151213,1
16127,20151220,1
16127,20151225,1
16127,20151227,1
16127,20160101,1
16127,20160103,1
17127-26127,20151115,1
17127-26127,20151122,1
17127-26127,20151129,1
17127-26127,20151206,1
17127-26127,20151225,1
17127-26127,20151227,1
17127-26127,20160101,1
17127-26127,20160103,1
17127-26127-40127,20151115,1
17127-26127-40127,20151122,1
17127-26127-40127,20151129,1
17127-26127-40127,20151206,1
17127-26127-40127,20151213,1
17127-26127-40127,20151220,1
17127-26127-40127,20151225,1
17127-26127-40127,20151227,1
17127-26127-40127,20160101,1
17127-26127-40127,20160103,1
18127,20151115,1
18127,20151122,1
18127,20151129,1
18127,20151206,1
18127,20151225,1
18127,20151227,1
18127,20160101,1
18127,20160103,1
19127,20151115,1
19127,20151122,1
19127,20151129,1
19127,20151206,1
19127-42127-56127,20151115,1
19127-42127-56127,20151122,1
19127-42127-56127,20151129,1
19127-42127-56127,20151206,1
19127-42127-56127,20151213,1
19127-42127-56127,20151220,1
19127-42127-56127,20151225,1
19127-42127-56127,20151227,1
19127-42127-56127,20160101,1
19127-42127-56127,20160103,1
19127-56127,20151115,1
19127-56127,20151122,1
19127-56127,20151129,1
19127-56127,20151206,1
19127-56127,20151225,1
19127-56127,20151227,1
19127-56127,20160101,1
19127-56127,20160103,1
20127-22127-23127,20151116,1
20127-22127-23127,20151117,1
20127-22127-23127,20151118,1
20127-22127-23127,20151216,1
20127-22127-23127-28127-30127-31127-4127-43127-7127,20151112,1
20127-22127-23127-28127-30127-31127-4127-43127-7127,20151113,1
20127-22127-23127-28127-30127-31127-4127-43127-7127,20151116,1
20127-22127-23127-28127-30127-31127-4127-43127-7127,20151117,1
20127-22127-23127-28127-30127-31127-4127-43127-7127,20151118,1
20127-22127-23127-28127-30127-31127-4127-43127-7127,20151119,1
20127-22127-23127-28127-30127-31127-4127-43127-7127,20151120,1
20127-22127-23127-28127-30127-31127-4127-43127-7127,20151123,1
20127-22127-23127-28127-30127-31127-4127-43127-7127,20151124,1
20127-22127-23127-28127-30127-31127-4127-43127-7127,20151125,1
20127-22127-23127-28127-30127-31127-4127-43127-7127,20151126,1
20127-22127-23127-28127-30127-31127-4127-43127-7127,20151127,1
20127-22127-23127-28127-30127-31127-4127-43127-7127,20151130,1
20127-22127-23127-28127-30127-31127-4127-43127-7127,20151201,1
20127-22127-23127-28127-30127-31127-4127-43127-7127,20151202,1
20127-22127-23127-28127-30127-31127-4127-43127-7127,20151203,1
20127-22127-23127-28127-30127-31127-4127-43127-7127,20151204,1
20127-22127-23127-28127-30127-31127-4127-43127-7127,20151207,1
20127-22127-23127-28127-30127-31127-4127-43127-7127,20151208,1
20127-22127-23127-28127-30127-31127-4127-43127-7127,20151209,1
20127-22127-23127-28127-30127-31127-4127-43127-7127,20151210,1
20127-22127-23127-28127-30127-31127-4127-43127-7127,20151211,1
20127-22127-23127-28127-30127-31127-4127-43127-7127,20151214,1
20127-22127-23127-28127-30127-31127-4127-43127-7127,20151215,1
20127-22127-23127-28127-30127-31127-4127-43127-7127,20151216,1
20127-22127-23127-28127-30127-31127-4127-43127-7127,20151217,1
20127-22127-23127-28127-30127-31127-4127-43127-7127,20151218,1
20127-22127-28127-30127-4127-43127,20151112,1
20127-22127-28127-30127-4127-43127,20151116,1
20127-22127-28127-30127-4127-43127,20151117,1
20127-22127-28127-30127-4127-43127,20151119,1
20127-22127-28127-30127-4127-43127,20151123,1
20127-22127-28127-30127-4127-43127,20151124,1
20127-22127-28127-30127-4127-43127,20151126,1
20127-22127-28127-30127-4127-43127,20151130,1
20127-22127-28127-30127-4127-43127,20151201,1
20127-22127-28127-30127-4127-43127,20151203,1
20127-22127-28127-30127-4127-43127,20151207,1
20127-22127-28127-30127-4127-43127,20151208,1
20127-22127-28127-30127-4127-43127,20151210,1
20127-22127-28127-30127-4127-43127,20151214,1
20127-22127-28127-30127-4127-43127,20151215,1
20127-22127-28127-30127-4127-43127,20151217,1
20127-22127-28127-30127-4127-43127-7127,20151112,1
20127-22127-28127-30127-4127-43127-7127,20151113,1
20127-22127-28127-30127-4127-43127-7127,20151116,1
20127-22127-28127-30127-4127-43127-7127,20151117,1
20127-22127-28127-30127-4127-43127-7127,20151119,1
20127-22127-28127-30127-4127-43127-7127,20151120,1
20127-22127-28127-30127-4127-43127-7127,20151123,1
20127-22127-28127-30127-4127-43127-7127,20151124,1
20127-22127-28127-30127-4127-43127-7127,20151126,1
20127-22127-28127-30127-4127-43127-7127,20151127,1
20127-22127-28127-30127-4127-43127-7127,20151130,1
20127-22127-28127-30127-4127-43127-7127,20151201,1
20127-22127-28127-30127-4127-43127-7127,20151203,1
20127-22127-28127-30127-4127-43127-7127,20151204,1
20127-22127-28127-30127-4127-43127-7127,20151207,1
20127-22127-28127-30127-4127-43127-7127,20151208,1
20127-22127-28127-30127-4127-43127-7127,20151210,1
20127-22127-28127-30127-4127-43127-7127,20151211,1
20127-22127-28127-30127-4127-43127-7127,20151214,1
20127-22127-28127-30127-4127-43127-7127,20151215,1
20127-22127-28127-30127-4127-43127-7127,20151217,1
20127-22127-28127-30127-4127-43127-7127,20151218,1
21127-24127-25127,20151116,1
21127-24127-25127,20151117,1
21127-24127-25127,20151118,1
21127-24127-25127,20151119,1
21127-24127-25127-29127-51127-5127-54127,20151112,1
21127-24127-25127-29127-51127-5127-54127,20151113,1
21127-24127-25127-29127-51127-5127-54127,20151116,1
21127-24127-25127-29127-51127-5127-54127,20151117,1
21127-24127-25127-29127-51127-5127-54127,20151118,1
21127-24127-25127-29127-51127-5127-54127,20151119,1
21127-24127-25127-29127-51127-5127-54127,20151120,1
21127-24127-25127-29127-51127-5127-54127,20151123,1
21127-24127-25127-29127-51127-5127-54127,20151124,1
21127-24127-25127-29127-51127-5127-54127,20151125,1
21127-24127-25127-29127-51127-5127-54127,20151126,1
21127-24127-25127-29127-51127-5127-54127,20151127,1
21127-24127-25127-29127-51127-5127-54127,20151130,1
21127-24127-25127-29127-51127-5127-54127,20151204,1
21127-24127-25127-29127-51127-5127-54127,20151207,1
21127-24127-25127-29127-51127-5127-54127,20151208,1
21127-24127-25127-29127-51127-5127-54127,20151209,1
21127-24127-25127-29127-51127-5127-54127,20151210,1
21127-24127-25127-29127-51127-5127-54127,20151211,1
21127-24127-25127-29127-51127-5127-54127,20151214,1
21127-24127-25127-29127-51127-5127-54127,20151215,1
21127-24127-25127-29127-51127-5127-54127,20151216,1
21127-24127-25127-29127-51127-5127-54127,20151217,1
21127-24127-25127-29127-51127-5127-54127,20151218,1
21127-24127-25127-29127-51127-5127-54127,20151221,1
21127-24127-25127-29127-51127-5127-54127,20151222,1
21127-24127-25127-29127-51127-5127-54127,20151223,1
21127-24127-25127-29127-51127-5127-54127,20151224,1
21127-24127-25127-29127-5127,20151112,1
21127-24127-25127-29127-5127,20151113,1
21127-24127-25127-29127-5127,20151116,1
21127-24127-25127-29127-5127,20151117,1
21127-24127-25127-29127-5127,20151118,1
21127-24127-25127-29127-5127,20151119,1
21127-24127-25127-29127-5127,20151120,1
21127-24127-25127-29127-5127,20151123,1
21127-24127-25127-29127-5127,20151124,1
21127-24127-25127-29127-5127,20151125,1
21127-24127-25127-29127-5127,20151126,1
21127-24127-25127-29127-5127,20151127,1
21127-24127-25127-29127-5127,20151130,1
21127-24127-25127-29127-5127,20151204,1
21127-24127-25127-29127-5127,20151207,1
21127-24127-25127-29127-5127,20151208,1
21127-24127-25127-29127-5127,20151209,1
21127-24127-25127-29127-5127,20151210,1
21127-24127-25127-29127-5127,20151211,1
21127-24127-25127-29127-5127,20151214,1
21127-24127-25127-29127-5127,20151215,1
21127-24127-25127-29127-5127,20151216,1
21127-24127-25127-29127-5127,20151217,1
21127-24127-25127-29127-5127,20151218,1
2127,20151112,1
2127,20151113,1
2127,20151116,1
2127,20151117,1
2127,20151118,1
2127,20151119,1
2127,20151120,1
2127,20151123,1
2127,20151124,1
2127,20151125,1
2127,20151126,1
2127,20151127,1
2127,20151130,1
2127,20151201,1
2127,20151202,1
2127,20151203,1
2127,20151204,1
2127,20151207,1
2127,20151208,1
2127,20151209,1
2127,20151210,1
2127,20151211,1
2127,20151214,1
2127,20151215,1
2127,20151216,1
2127,20151217,1
2127,20151218,1
2127,20151225,1
2127,20160101,1
23127-31127,20151118,1
23127-31127,20151125,1
23127-31127,20151202,1
23127-31127,20151209,1
23127-31127,20151216,1
24127-25127-29127-5127,20151112,1
24127-25127-29127-5127,20151113,1
24127-25127-29127-5127,20151118,1
24127-25127-29127-5127,20151119,1
24127-25127-29127-5127,20151120,1
24127-25127-29127-5127,20151123,1
24127-25127-29127-5127,20151124,1
24127-25127-29127-5127,20151125,1
24127-25127-29127-5127,20151126,1
24127-25127-29127-5127,20151127,1
24127-25127-29127-5127,20151130,1
24127-25127-29127-5127,20151204,1
24127-25127-29127-5127,20151207,1
24127-25127-29127-5127,20151208,1
24127-25127-29127-5127,20151209,1
24127-25127-29127-5127,20151210,1
24127-25127-29127-5127,20151211,1
24127-25127-29127-5127,20151214,1
24127-25127-29127-5127,20151215,1
24127-25127-29127-5127,20151216,1
24127-25127-29127-5127,20151217,1
24127-25127-29127-5127,20151218,1
26127,20151122,1
26127,20151129,1
26127,20151206,1
26127,20151225,1
26127,20151227,1
26127,20160101,1
26127,20160103,1
27127,20151123,1
27127,20151124,1
27127,20151125,1
27127,20151126,1
27127,20151127,1
27127,20151130,1
27127,20151201,1
27127,20151202,1
27127,20151203,1
27127,20151204,1
27127,20151207,1
27127,20151208,1
27127,20151209,1
27127,20151210,1
27127,20151211,1
27127,20151214,1
27127,20151215,1
27127,20151216,1
27127,20151217,1
27127,20151218,1
27127-3127,20151112,1
27127-3127,20151113,1
27127-3127,20151116,1
27127-3127,20151117,1
27127-3127,20151118,1
27127-3127,20151119,1
27127-3127,20151120,1
27127-3127,20151123,1
27127-3127,20151124,1
27127-3127,20151125,1
27127-3127,20151126,1
27127-3127,20151127,1
27127-3127,20151130,1
27127-3127,20151201,1
27127-3127,20151202,1
27127-3127,20151203,1
27127-3127,20151204,1
27127-3127,20151207,1
27127-3127,20151208,1
27127-3127,20151209,1
27127-3127,20151210,1
27127-3127,20151211,1
27127-3127,20151214,1
27127-3127,20151215,1
27127-3127,20151216,1
27127-3127,20151217,1
27127-3127,20151218,1
28127-30127-31127-4127-7127,20151112,1
28127-30127-31127-4127-7127,20151113,1
28127-30127-31127-4127-7127,20151119,1
28127-30127-31127-4127-7127,20151120,1
28127-30127-31127-4127-7127,20151123,1
28127-30127-31127-4127-7127,20151124,1
28127-30127-31127-4127-7127,20151125,1
28127-30127-31127-4127-7127,20151126,1
28127-30127-31127-4127-7127,20151127,1
28127-30127-31127-4127-7127,20151130,1
28127-30127-31127-4127-7127,20151201,1
28127-30127-31127-4127-7127,20151202,1
28127-30127-31127-4127-7127,20151203,1
28127-30127-31127-4127-7127,20151204,1
28127-30127-31127-4127-7127,20151207,1
28127-30127-31127-4127-7127,20151208,1
28127-30127-31127-4127-7127,20151209,1
28127-30127-31127-4127-7127,20151210,1
28127-30127-31127-4127-7127,20151211,1
28127-30127-31127-4127-7127,20151214,1
28127-30127-31127-4127-7127,20151215,1
28127-30127-31127-4127-7127,20151218,1
29127-5127,20151112,1
29127-5127,20151113,1
29127-5127,20151120,1
29127-5127,20151123,1
29127-5127,20151124,1
29127-5127,20151125,1
29127-5127,20151126,1
29127-5127,20151127,1
29127-5127,20151130,1
29127-5127,20151204,1
29127-5127,20151207,1
29127-5127,20151208,1
29127-5127,20151209,1
29127-5127,20151210,1
29127-5127,20151211,1
29127-5127,20151214,1
29127-5127,20151215,1
29127-5127,20151216,1
29127-5127,20151217,1
29127-5127,20151218,1
3127,20151112,1
3127,20151113,1
3127,20151116,1
3127,20151117,1
3127,20151118,1
3127,20151119,1
3127,20151120,1
32127-33127,20151201,1
32127-33127,20151202,1
32127-33127-34127,20151201,1
32127-33127-34127,20151202,1
32127-33127-34127,20151203,1
35127,20151207,1
35127,20151208,1
35127,20151209,1
35127,20151210,1
35127,20151211,1
35127,20151214,1
35127,20151215,1
35127,20151216,1
35127,20151217,1
35127,20151218,1
35127-6127,20151112,1
35127-6127,20151113,1
35127-6127,20151116,1
35127-6127,20151117,1
35127-6127,20151118,1
35127-6127,20151119,1
35127-6127,20151120,1
35127-6127,20151123,1
35127-6127,20151124,1
35127-6127,20151125,1
35127-6127,20151126,1
35127-6127,20151127,1
35127-6127,20151130,1
35127-6127,20151201,1
35127-6127,20151202,1
35127-6127,20151203,1
35127-6127,20151204,1
35127-6127,20151207,1
35127-6127,20151208,1
35127-6127,20151209,1
35127-6127,20151210,1
35127-6127,20151211,1
35127-6127,20151214,1
35127-6127,20151215,1
35127-6127,20151216,1
35127-6127,20151217,1
35127-6127,20151218,1
37127,20151212,1
37127,20151219,1
37127,20151226,1
37127,20151228,1
37127,20151229,1
37127,20151230,1
37127,20151231,1
38127,20151212,1
38127,20151226,1
38127,20151228,1
38127,20151229,1
38127,20151230,1
38127,20151231,1
39127-46127,20151213,1
39127-46127,20151220,1
40127,20151213,1
40127,20151220,1
41127,20151213,1
41127,20151220,1
42127,20151213,1
42127,20151220,1
42127-56127,20151213,1
42127-56127,20151220,1
42127-56127,20151225,1
42127-56127,20151227,1
42127-56127,20160101,1
42127-56127,20160103,1
44127-50127-53127,20151219,1
44127-50127-53127,20151221,1
44127-50127-53127,20151222,1
44127-50127-53127,20151223,1
44127-50127-53127,20151224,1
51127-54127,20151221,1
51127-54127,20151222,1
51127-54127,20151223,1
51127-54127,20151224,1
56127,20151225,1
56127,20151227,1
56127,20160101,1
56127,20160103,1
6127,20151112,1
6127,20151113,1
6127,20151116,1
6127,20151117,1
6127,20151118,1
6127,20151119,1
6127,20151120,1
6127,20151123,1
6127,20151124,1
6127,20151125,1
6127,20151126,1
6127,20151127,1
6127,20151130,1
6127,20151201,1
6127,20151202,1
6127,20151203,1
6127,20151204,1
7127,20151113,1
7127,20151120,1
7127,20151127,1
7127,20151204,1
7127,20151211,1
7127,20151218,1
8127,20151114,1
8127,20151121,1
8127,20151128,1
8127,20151205,1
8127,20151212,1
8127,20151219,1
8127,20151226,1
8127,20151228,1
8127,20151229,1
8127,20151230,1
8127,20151231,1
8127,20160102,1
9127,20151114,1
9127,20151121,1
9127,20151128,1
9127,20151205,1
9127,20151212,1
9127,20151219,1
9127,20151226,1
9127,20151228,1
9127,20151229,1
9127,20151230,1
9127,20151231,1
9127,20160102,1
